    1965         2400     
    1970        17000     
    1971        21400     
    1972        28500     
    1973        49000     
    1974        56000     
    1975        71000     
    1976        78000     
    1977        90000     
    1978        96000     
    1979       110000     
    1980       117000     
    1981       136000     
    1982       125000     
    1983       127000     
    1984       137000     
    1985       148000     
    1986       159000     
    1987       159000     
    1988       169000     
    1989       176000     
    1990       177000     
    1991       168000     
    1992       166000     
    1993       167000     
    1994       183000     
    1995       212000     
    1996       237000     
    1997       267000     
    1998       284000     
    1999       314000     
    2000       364000     
    2001       395000     
    2002       413000     
    2003       418000     
    2004       438000     
    2005       447000    
    2006       465000 