     1977        3
     1985      556    
     1986     1072    
     1987     2207    
     1988     4148    
     1989     6811    
     1990     7466    
     1991     8160    
     1992     9247    
     1993    12058    
     1994    16882    
     1995    23113    
     1996    29431    
     1997    36802    
     1998    43800    
     1999    41320    
     2000    42927    
     2001    42006    
     2002    40650    
     2003    41658    
     2004    49872    
     2005    56133
     2006    74674