  1970       1140    
  1971       2040    
  1972       3720    
  1973       4500    
  1974       5800    
  1975       7500    
  1976      10000    
  1977      13500    
  1978      17500    
  1979      21600    
  1980      27000    
  1981      41000    
  1982      46000    
  1983      62000    
  1984      81000    
  1985     104000    
  1986     141000    
  1987     183000    
  1988     223000    
  1989     271000    
  1990     328000    
  1991     371000    
  1992     434000    
  1993     528000    
  1994     622000    
  1995     675000    
  1996     728000    
  1997     825000    
  1998     910000    
  1999    1140000    
  2000    1244000    
  2001    1383000    
  2002    1400000    
  2003    1500000    
  2004    1700000    
  2005    1800000 
  2006    1900000  