    1984         393    
    1985        1047    
    1986        2200    
    1987        3411    
    1988        3533    
    1989        3900    
    1990        4300    
    1991        5500    
    1992        9600    
    1993       15200    
    1994       25300    
    1995       33500    
    1996       36300    
    1997       39000    
    1998       45000    
    1999       55000    
    2000       75000    
    2001       94000    
    2002       98000    
    2003      100000    
    2004      109000    
    2005      128000    
    2006      140000