    1963         830    
    1964         970    
    1965        1050    
    1966        1200    
    1967        1500    
    1968        2050    
    1969        1575    
    1970        2000    
    1971        2500    
    1972        4300    
    1973        4778    
    1974        3657    
    1975        4269    
    1976        5297    
    1977        5243    
    1978        6800    
    1979        7200    
    1980        7000    
    1981        8000    
    1982        9200    
    1983        9200    
    1984       10400    
    1985       16900    
    1986       25000    
    1987       25500    
    1988       26230    
    1989       42000    
    1990       44000    
    1991       48200    
    1992       47950    
    1993       50358    
    1994       55800    
    1995       64000    
    1996       58300    
    1997       59400    
    1998       70500    
    1999       69000    
    2000       68000    
    2001      124000    
    2002      120000    
    2003      120000    
    2004      114000    
    2005      114000    
    2006      107000