     1927      500
     1928      600
     1929      610
     1931      790
     1934      915
     1935     1038
     1936     1207
     1937     1386
     1938     1650
     1940     2126
     1941     2200
     1944     3128
     1947     5500
     1950     6100     
     1951     6700     
     1952     6700     
     1953     7000     
     1954     6900     
     1955     6900     
     1956     7300     
     1957     8100     
     1958     8500     
     1959     8700     
     1960     8900     
     1961     8900     
     1962     9000     
     1963     9500     
     1964    11200     
     1965    12300     
     1966    14300     
     1967    14900     
     1968    16000     
     1969    17300     
     1970    18394     
     1971    18386     
     1972    19213     
     1973    21320     
     1974    22829     
     1975    23699     
     1976    25444     
     1977    26102     
     1978    27003     
     1979    27765     
     1980    31042     
     1981    31502     
     1982    32145     
     1983    34328     
     1984    33668     
     1985    34742     
     1986    35754     
     1987    37828     
     1988    38751     
     1989    40929     
     1990    43770     
     1991    45694     
     1992    48118     
     1993    49659     
     1994    49464     
     1995    50241     
     1996    52817     
     1997    54487     
     1998    56236     
     1999    57100     
     2000    60571     
     2001    71426     
     2002    71819     
     2003    72181     
     2004    60600     
     2005    59735  
     2006    66663   