      1950        500     
      1951        600     
      1952        700     
      1953        700     
      1954        900     
      1955       1300     
      1956       1400     
      1957       2900     
      1958       2700     
      1959       2900     
      1960       2700     
      1961       2500     
      1962       2300     
      1963       2500     
      1964       2500     
      1965       4700     
      1966       4800     
      1967       5400     
      1968       5800     
      1969       6000     
      1970       5900     
      1971      12800     
      1972      19000     
      1973      14500     
      1974      14000     
      1975      14500     
      1976      16000     
      1977      18000     
      1978      21000     
      1979      21000     
      1980      24000     
      1981      25000     
      1982      28000     
      1983      30000     
      1984      28000     
      1985      30000     
      1986      32000     
      1987      30000     
      1988      39000     
      1989      47000     
      1990      52000     
      1991      58000     
      1992      58000     
      1993      62000     
      1994      65000     
      1995      71000     
      1996     100000     
      1997     108000     
      1998     117000    
      1999     120000     
      2000     120000     
      2001     114000     
      2002     112000     
      2003     112000     
      2004     129000     
      2005     133000     