      1929     2100
      1930     2240
      1931     2006
      1933     1910
      1935     3062
      1936     4279
      1937     4525
      1939     3800
      1940     4000
      1941     6300
      1943    17000
      1944    12300
      1945    10397
      1947    13000
      1948    14500
      1950    17800     
      1951    20200     
      1952    21300     
      1953    21700     
      1954    22500     
      1955    25200     
      1956    27200     
      1957    26600     
      1958    27100     
      1959    29100     
      1960    30200     
      1961    31300     
      1962    30600     
      1963    31500     
      1964    33200     
      1965    33800     
      1966    35000     
      1967    36400     
      1968    47400     
      1969    47400     
      1970    47400     
      1971    47800     
      1972    48800     
      1973    49800     
      1974    53300     
      1975    53100     
      1976    53000     
      1977    53200     
      1978    53500     
      1979    55900     
      1980    56800     
      1981    63800     
      1982    56600     
      1983    54500     
      1984    49800     
      1985    53200     
      1986    51250     
      1987    53100     
      1988    55500     
      1989    62111     
      1990    62080     
      1991    62219     
      1992    61353     
      1993    55436     
      1994    53730     
      1995    39537     
      1996    40289     
      1997    42861     
      1998    39029     
      1999    39239     
      2000    41943     
      2001    52689     
      2002    49959     
      2003    46372     
      2004    43203     
      2005    42413     
      2006    42578