    1971         389
    1977        4222     
    1978        6300     
    1979        8100     
    1980       10100     
    1981       12000     
    1982       16200     
    1983       25600     
    1984       32000     
    1985       33988     
    1986       47600     
    1987       58500     
    1988       78500     
    1989       86800     
    1990       91550     
    1991       95000     
    1992       95000     
    1993      101000     
    1994      107000     
    1995      114208     
    1996      126000     
    1997      169100     
    1998      177200     
    1999      149000     
    2000      176960     
    2001      184953     
    2002      213025     
    2003      238650     
    2004      224800  
    2005      260000 
    2006      280000            