    1908           450
    1913         13623
    1914         12115
    1915         18028
    1928        173697
    1937        122000
    1938        125000
    1939        117000
    1943        192500
    1944        144000
    1945        112000
    1946        121257
    1947        131973
    1948        140536
    1952        198000       
    1953        253600       
    1954        253200       
    1955        269100       
    1956        266400       
    1957        277300       
    1958        229800       
    1959        251500       
    1960        266000       
    1961        262100       
    1962        302600       
    1963        316600       
    1964        336800       
    1965        364500       
    1966        388000       
    1967        394300       
    1968        415000       
    1969        436400       
    1970        431727       
    1971        433074       
    1972        442607       
    1973        474318       
    1974        464731       
    1975        416120       
    1976        443917       
    1977        479292       
    1978        506531       
    1979        494579       
    1980        426735       
    1981        404788       
    1982        379229       
    1983        380077       
    1984        383696       
    1985        369314       
    1986        382274       
    1987        350320       
    1988        358939       
    1989        366641       
    1990        370383       
    1991        332700       
    1992        325333       
    1993        322213       
    1994        337778       
    1995        346990       
    1996        371702       
    1997        363892       
    1998        345175       
    1999        364550       
    2000        345991       
    2001        354431       
    2002        350321       
    2003        327531       
    2004        324864       
    2005        300000  
    2006        283000     


















