      1925     83278
      1926    129538
      1927    175666
      1928    208981
      1930    172938
      1931    157586
      1932    116152
      1933    137764
      1934    191157
      1935    211712
      1936    230572
      1937    261977
      1938    189039
      1939    220434
      1940    249386
      1941    303827
      1942    314144
      1943    448617
      1944    465617
      1945    345940
      1946    300634
      1947    375689
      1948    380329
      1950    495600  
      1951    501800  
      1952    490700    
      1953    585600  
      1954    576700  
      1955    624000  
      1956    599200  
      1957    588200  
      1958    520900  
      1959    557200  
      1960    595200  
      1961    553000  
      1962    604700  
      1963    640100  
      1964    661000  
      1965    735000  
      1966    745000  
      1967    728000  
      1968    757200  
      1969    794000  
      1970    695796  
      1971    773352  
      1972    759543  
      1973    810920  
      1974    734000  
      1975    681000  
      1976    748000  
      1977    797000  
      1978    839000  
      1979    853000  
      1980    746000  
      1981    741000  
      1982    657000  
      1983    691000  
      1984    748000  
      1985    810600  
      1986    876800  
      1987    813400  
      1988    765700  
      1989    775100  
      1990    761400  
      1991    756300  
      1992    750000  
      1993    710800  
      1994    692800  
      1995    745000  
      1996    647000  
      1997    608000  
      1998    594000  
      1999    388000  
      2000    386000  
      2001    365000  
      2002    350000  
      2003    326000  
      2004    324000  
      2005    335000 
      2006    280000 