1939 2
1940 3
1941 6
1942 8
1943 45
1947 111
1948 128
1949 166
1951 215
1956 901
1957 1778
1958 1778
1959 2378
1960 3021
1961 5040
1962 6260
1963 6598
1964 7092
1965 9033
1966 11309
1967 12131
1968 13430
1969 15840
1970 16000
1971 16540
1972 20941
1973 28255
1974 28877
1975 30239
1977 35062
1978 42376
1979 52030
1980 57196
1981 66807
1982 69538
1983 72000
1984 82000
1985 84000
1986 82000
1987 82000
1988 87000
1989 95000
1990 92000
1991 89000
1992 92600
1993 96000
1994 98400
1995 105200
1996 112000
1997 121900
1998 124600
1999 84400
2000 85500
2001 86200
2002 141000
2003 142000
2004 151000
2005 150000
2006 156000




















