     1914          1346
     1915          1672
     1916          2529
     1917          3063
     1918          3127
     1919          3139
     1920          2731
     1921          3001
     1922          3043
     1923          3161
     1924          3384
     1925          3698
     1926          3953
     1927          4866
     1928          5102
     1929          5999
     1930          6346
     1932          6311
     1933          8202
     1934          7613
     1935          8654
     1936          9142
     1937         10834
     1938         11046
     1939         11315
     1940         12656
     1941         14207
     1942         18754
     1943         21251
     1944         21126
     1945         18257
     1946         22292
     1947         22591
     1948         24940
     1949         27236
     1950         30261
     1950         26800     
     1951         31700     
     1952         28600     
     1953         30800     
     1954         50300     
     1955         56400     
     1956         51192     
     1957         60281     
     1958         61159     
     1959         65646     
     1960         70050     
     1961         75954     
     1962         81493     
     1963         87173     
     1964        149834     
     1965        172445     
     1966        198186     
     1967        221866     
     1968        241974     
     1969        258662     
     1970        269291     
     1971        265493     
     1972        262152     
     1973        274108     
     1974        292350     
     1975        288647     
     1976        291977     
     1977        310155     
     1978        325517     
     1979        337119     
     1980        341279     
     1981        354936     
     1982        364796     
     1983        369545     
     1984        394930     
     1985        405535     
     1986        403508     
     1987        389348     
     1988        387112     
     1989        383220     
     1990        373816     
     1991        344553     
     1992        301542     
     1993        256207     
     1994        219839     
     1995        225347     
     1996        240615     
     1997        269465     
     1998        291067     
     1999        307401     
     2000        316303     
     2001        319876     
     2002        315889     
     2003        319273     
     2004        329001     
     2005        329373     
