    1971        460   
    1972       1002   
    1973       3020   
    1974       3147   
    1975       4600   
    1976       7347   
    1977       8100   
    1978      10896   
    1979      14406   
    1980      15867   
    1981      16800   
    1982      19400   
    1983      21500   
    1984      25400   
    1985      21300   
    1986      18200   
    1987      19200   
    1988      20800   
    1989      21700   
    1990      23900   
    1991      24600   
    1992      25800   
    1993      29500   
    1994      32600   
    1995      41600   
    1996      48500   
    1997      63700   
    1998      64500   
    1999      70200   
    2000      86100   
    2001      83400   
    2002      78700   
    2003      79700   
    2004      85000   
    2005      99900   
    2006      94100