    1961         360
    1962         491    
    1963         555    
    1964         636    
    1965         762    
    1966         891    
    1967        1017    
    1968        1223    
    1969        1450    
    1970        1670    
    1971        2071    
    1972        2875    
    1973        3670    
    1974        3600    
    1975        3574    
    1976        4378    
    1977        5274    
    1978        5809    
    1979        5804    
    1980        5950    
    1981        6003    
    1982        7080    
    1983        8715    
    1984       10727    
    1985       13317    
    1986       14783    
    1987       14761    
    1988       14774    
    1989       15271    
    1990       15556    
    1991       18368    
    1992       21269    
    1993       28843    
    1994       37555    
    1995       44546    
    1996       53492    
    1997       58504    
    1998       66000    
    1999       86000    
    2000       94000    
    2001      108000    
    2002      153000    
    2003      147000    
    2004      162000    
    2005      185000   
    2006      210000 