   1929      509
   1931      750
   1932      780
   1933      693
   1934     1278
   1935     1480
   1936     1636
   1937     1800
   1938     1800
   1940     2675
   1941     3767
   1943     5851
   1944     7016
   1945     6795
   1946     7861
   1948     8879
   1950    11700   
   1951    11900   
   1952    12400   
   1953    14300   
   1954    14400   
   1955    16200   
   1956    18800   
   1957    19600   
   1958    18300   
   1959    25200   
   1960    28600   
   1961    30800   
   1962    34400   
   1963    38500   
   1964    46700   
   1965    49000   
   1966    53500   
   1967    54700   
   1968    58200   
   1969    66300   
   1970    65000   
   1971    67175   
   1972    71698   
   1973    78932   
   1974    83609   
   1975    78427   
   1976    79522   
   1977    81359   
   1978    84971   
   1979    87738   
   1980    86898   
   1981    91419   
   1982    87388   
   1983    85702   
   1984    86707   
   1985    85466   
   1986    81847   
   1987    82405   
   1988    82818   
   1989    87584   
   1990    89601   
   1991    88477   
   1992    87015   
   1993    86168   
   1994    85166   
   1995    70687   
   1996    74289   
   1997    75639   
   1998    73564   
   1999    70549   
   2000    75000   
   2001    71669   
   2002    68774   
   2003    67072   
   2004    67071   
   2005    69315   
   2006    75333