      1837          2
      1859         80
      1887        700
      1928      10000
      1930      10980
      1931      10000
      1933       9500
      1935      10000
      1936      10000
      1937      11500
      1938      13500
      1939      13500
      1940      14500
      1942      14535
      1948      14869
      1951      21300      
      1952      29000      
      1953      31000      
      1954      26300      
      1955      26700      
      1956      29300      
      1957      30000      
      1958      29900      
      1959      31000      
      1960      31200      
      1961      32600      
      1962      32800      
      1963      32000      
      1964      33000      
      1965      35300      
      1966      37600      
      1967      40900      
      1968      41600      
      1969      43200      
      1970      42000      
      1971      44000      
      1972      45000      
      1973      47000      
      1974      50000      
      1975      51000      
      1976      52000      
      1977      54000      
      1978      55000      
      1979      59000      
      1980      61000      
      1981      60000      
      1982      64500      
      1983      62000      
      1984      62000      
      1985      62000      
      1986      74000      
      1987      73000      
      1988      77000      
      1989      79000      
      1990      89000      
      1991      94000      
      1992     106000      
      1993     103500      
      1994      96500      
      1995      99200      
      1996     103000      
      1997     106000      
      1998     110000      
      1999     110000      
      2000     110000      
      2001     106000      
      2002     102000      
      2003      98000      
      2004     110000      
      2005     110000
      2006     138000      