      1963        3
      1979     2400     
      1980     2700     
      1981     3600     
      1982     4300     
      1983     4100     
      1984     4100     
      1985     3400     
      1986     3000     
      1987     3450     
      1988     4070     
      1989     4515     
      1990     5500     
      1991     6500     
      1992     9600     
      1993     9500     
      1994    14240     
      1995    17200     
      1996    21800     
      1997    22800     
      1998    20700     
      1999    21800     
      2000    22700     
      2001    22700     
      2002    23300     
      2003    24667     
      2004    26000     
      2005    28000
      2006    29000